114000012:2025-01-14:10,22,31,35,36
114000011:2025-01-13:04,12,28,35,38
114000010:2025-01-11:05,12,13,19,34
114000009:2025-01-10:09,11,15,18,20
114000008:2025-01-09:02,08,19,21,29
114000007:2025-01-08:12,18,20,22,31
114000006:2025-01-07:13,23,27,31,37
114000005:2025-01-06:07,21,22,27,35
114000004:2025-01-04:08,09,12,21,23
114000003:2025-01-03:05,06,08,11,14
114000002:2025-01-02:12,26,30,32,33
114000001:2025-01-01:02,07,08,10,14
113000314:2024-12-31:11,15,32,33,34
113000313:2024-12-30:03,20,23,27,31
113000312:2024-12-28:17,18,24,26,30
113000311:2024-12-27:07,15,19,20,38
113000310:2024-12-26:05,07,12,20,38
113000309:2024-12-25:06,18,21,29,38
113000308:2024-12-24:01,14,15,28,39
113000307:2024-12-23:02,06,13,18,22
113000306:2024-12-21:12,13,14,18,32
113000305:2024-12-20:03,09,16,19,26
113000304:2024-12-19:07,08,11,27,33
113000303:2024-12-18:03,24,27,33,37
113000302:2024-12-17:03,05,07,16,31
113000301:2024-12-16:05,11,21,23,26
113000300:2024-12-14:03,07,08,12,35
113000299:2024-12-13:02,09,20,34,38
113000298:2024-12-12:02,11,16,23,29
113000297:2024-12-11:04,22,32,34,37
113000296:2024-12-10:07,12,13,21,24
113000295:2024-12-09:08,09,20,28,32
113000294:2024-12-07:06,24,31,32,33
113000293:2024-12-06:02,15,20,33,38
113000292:2024-12-05:05,19,23,28,39
113000291:2024-12-04:12,27,33,35,38
113000290:2024-12-03:07,12,15,16,18
113000289:2024-12-02:05,13,23,29,38
113000288:2024-11-30:04,11,16,17,24
113000287:2024-11-29:03,11,18,25,35
113000286:2024-11-28:05,09,20,29,34
113000285:2024-11-27:07,13,14,21,35
113000284:2024-11-26:01,05,11,27,29
113000283:2024-11-25:03,06,19,20,38
113000282:2024-11-23:03,13,28,29,38
113000281:2024-11-22:03,07,08,17,30
113000280:2024-11-21:04,12,13,23,25
113000279:2024-11-20:13,20,30,31,33
113000278:2024-11-19:10,14,21,32,33
113000277:2024-11-18:03,05,23,26,27
113000276:2024-11-16:04,24,29,33,37
113000275:2024-11-15:02,18,27,29,39
113000274:2024-11-14:05,11,17,25,30
113000273:2024-11-13:03,11,18,21,35
113000272:2024-11-12:05,08,17,24,28
113000271:2024-11-11:07,14,20,24,26
113000270:2024-11-09:02,03,10,21,36
113000269:2024-11-08:01,09,13,31,32
113000268:2024-11-07:06,10,20,25,32
113000267:2024-11-06:06,11,14,18,22
113000266:2024-11-05:01,08,18,27,30
113000265:2024-11-04:03,07,10,26,35
113000264:2024-11-02:06,07,16,37,38
113000263:2024-11-01:04,08,11,19,31
113000262:2024-10-31:08,13,25,36,38
113000261:2024-10-30:10,11,17,24,33
113000260:2024-10-29:09,12,25,29,35
113000259:2024-10-28:01,06,13,22,39
113000258:2024-10-26:13,15,18,26,28
113000257:2024-10-25:06,08,15,28,39
113000256:2024-10-24:01,04,08,20,22
113000255:2024-10-23:10,18,19,26,37
113000254:2024-10-22:07,16,25,32,34
113000253:2024-10-21:01,09,17,31,35
113000252:2024-10-19:11,15,24,36,37
113000251:2024-10-18:04,11,26,34,38
113000250:2024-10-17:01,18,21,36,37
113000249:2024-10-16:15,20,27,30,31
113000248:2024-10-15:02,19,27,33,35
113000247:2024-10-14:04,14,19,25,32
113000246:2024-10-12:14,21,22,23,35
113000245:2024-10-11:14,15,16,24,29
113000244:2024-10-10:03,25,29,35,38
113000243:2024-10-09:12,17,25,31,34
113000242:2024-10-08:01,11,13,25,37
113000241:2024-10-07:02,10,17,21,39
113000240:2024-10-05:02,05,08,14,32
113000239:2024-10-04:05,11,27,38,39
113000238:2024-10-03:01,06,15,19,39
113000237:2024-10-02:07,08,13,22,34
113000236:2024-10-01:20,23,30,31,35
113000235:2024-09-30:07,10,24,27,31
113000234:2024-09-28:10,20,24,35,39
113000233:2024-09-27:03,27,34,37,39
113000232:2024-09-26:04,06,14,16,20
113000231:2024-09-25:02,05,10,12,37
113000230:2024-09-24:04,10,19,30,31
113000229:2024-09-23:04,12,14,17,35
113000228:2024-09-21:09,22,25,35,39
113000227:2024-09-20:04,07,30,32,38
113000226:2024-09-19:16,19,22,26,37
113000225:2024-09-18:02,09,16,18,23
113000224:2024-09-17:07,09,31,38,39
113000223:2024-09-16:12,15,18,19,26
113000222:2024-09-14:03,29,34,35,37
113000221:2024-09-13:06,08,25,37,39
113000220:2024-09-12:03,08,13,27,33
113000219:2024-09-11:05,08,14,20,26
113000218:2024-09-10:06,34,35,36,39
113000217:2024-09-09:05,16,17,36,37
113000216:2024-09-07:05,09,28,36,38
113000215:2024-09-06:14,27,31,36,39
113000214:2024-09-05:10,13,27,32,37
113000213:2024-09-04:09,26,27,31,35
113000212:2024-09-03:11,14,19,23,24
113000211:2024-09-02:16,20,24,31,37
113000210:2024-08-31:09,15,21,36,37
113000209:2024-08-30:03,05,14,22,36
113000208:2024-08-29:04,21,26,29,36
113000207:2024-08-28:06,16,34,35,36
113000206:2024-08-27:05,13,21,34,35
113000205:2024-08-26:05,09,11,23,33
113000204:2024-08-24:25,26,28,29,37
113000203:2024-08-23:09,11,30,34,39
113000202:2024-08-22:02,08,16,34,37
113000201:2024-08-21:01,02,12,13,22
113000200:2024-08-20:07,28,30,34,39
113000199:2024-08-19:02,09,12,16,36
113000198:2024-08-17:06,14,32,33,36
113000197:2024-08-16:09,17,18,32,35
113000196:2024-08-15:07,14,20,27,39
113000195:2024-08-14:06,09,24,30,34
113000194:2024-08-13:09,15,20,28,32
113000193:2024-08-12:08,12,24,28,34
113000192:2024-08-10:01,21,28,38,39
113000191:2024-08-09:02,07,08,10,12
113000190:2024-08-08:02,09,13,19,28
113000189:2024-08-07:04,05,16,19,30
113000188:2024-08-06:01,06,12,29,37
113000187:2024-08-05:06,07,11,17,36
113000186:2024-08-03:11,12,26,27,32
113000185:2024-08-02:01,19,22,24,38
113000184:2024-08-01:12,24,27,30,35
113000183:2024-07-31:12,18,36,37,38
113000182:2024-07-30:02,04,16,29,38
113000181:2024-07-29:01,12,14,24,30
113000180:2024-07-27:01,11,15,18,37
113000179:2024-07-26:11,12,18,20,36
113000178:2024-07-25:01,09,17,18,39
113000177:2024-07-24:02,03,21,23,34
113000176:2024-07-23:07,11,12,37,38
113000175:2024-07-22:06,20,26,30,34
113000174:2024-07-20:01,11,27,29,31
113000173:2024-07-19:14,19,24,30,36
113000172:2024-07-18:05,17,24,33,34
113000171:2024-07-17:08,10,26,28,37
113000170:2024-07-16:07,24,26,34,36
113000169:2024-07-15:01,19,22,25,37
113000168:2024-07-13:16,21,23,29,30
113000167:2024-07-12:08,17,18,19,36
113000166:2024-07-11:01,02,13,23,37
113000165:2024-07-10:01,09,14,31,33
113000164:2024-07-09:02,13,31,33,36
113000163:2024-07-08:11,17,20,22,29
113000162:2024-07-06:04,21,24,33,35
113000161:2024-07-05:17,18,23,24,28
113000160:2024-07-04:09,12,15,26,33
113000159:2024-07-03:04,20,25,33,34
113000158:2024-07-02:03,15,16,20,22
113000157:2024-07-01:08,11,17,19,23
113000156:2024-06-29:02,17,26,33,35
113000155:2024-06-28:12,16,25,27,39
113000154:2024-06-27:15,18,27,28,31
113000153:2024-06-26:02,21,37,38,39
113000152:2024-06-25:25,26,32,36,37
113000151:2024-06-24:03,13,17,32,39
113000150:2024-06-22:01,21,22,25,27
113000149:2024-06-21:10,12,15,16,23
113000148:2024-06-20:12,13,16,20,32
113000147:2024-06-19:02,10,11,14,22
113000146:2024-06-18:02,09,15,29,38
113000145:2024-06-17:02,08,26,32,34
113000144:2024-06-15:05,08,35,36,37
113000143:2024-06-14:01,02,17,20,37
113000142:2024-06-13:03,12,17,30,38
113000141:2024-06-12:14,19,20,29,32
113000140:2024-06-11:03,13,26,32,34
113000139:2024-06-10:18,19,30,33,38
113000138:2024-06-08:11,19,24,31,32
113000137:2024-06-07:01,04,27,34,35
113000136:2024-06-06:03,11,20,21,36
113000135:2024-06-05:03,04,06,14,20
113000134:2024-06-04:07,11,17,23,25
113000133:2024-06-03:06,10,21,24,31
113000132:2024-06-01:04,20,24,28,38
113000131:2024-05-31:08,12,13,23,36
113000130:2024-05-30:02,09,32,36,37
113000129:2024-05-29:01,07,09,20,32
113000128:2024-05-28:16,23,29,36,39
113000127:2024-05-27:05,13,14,17,24
113000126:2024-05-25:01,15,32,34,38
113000125:2024-05-24:05,16,22,26,39
113000124:2024-05-23:14,23,26,27,34
113000123:2024-05-22:11,13,15,23,29
113000122:2024-05-21:01,03,16,24,31
113000121:2024-05-20:03,05,28,32,34
113000120:2024-05-18:05,10,11,32,37
113000119:2024-05-17:14,19,27,30,38
113000118:2024-05-16:09,10,21,33,35
113000117:2024-05-15:04,06,14,26,33
113000116:2024-05-14:07,11,18,20,22
113000115:2024-05-13:04,14,33,36,37
113000114:2024-05-11:01,07,11,15,29
113000113:2024-05-10:01,12,31,38,39
113000112:2024-05-09:05,06,11,31,35
113000111:2024-05-08:12,13,16,26,37
113000110:2024-05-07:04,09,18,25,39
113000109:2024-05-06:12,28,31,35,39
113000108:2024-05-04:02,07,13,18,28
113000107:2024-05-03:05,06,11,16,37
113000106:2024-05-02:03,06,13,28,35
113000105:2024-05-01:09,24,32,36,39
113000104:2024-04-30:03,07,12,17,37
113000103:2024-04-29:04,10,12,21,27
113000102:2024-04-27:09,15,22,34,36
113000101:2024-04-26:10,14,25,31,36
113000100:2024-04-25:16,20,21,22,25
113000099:2024-04-24:03,06,10,17,28
113000098:2024-04-23:17,18,32,35,37
113000097:2024-04-22:06,14,20,28,35
113000096:2024-04-20:03,12,20,34,35
113000095:2024-04-19:02,10,21,22,38
113000094:2024-04-18:06,13,15,25,28
113000093:2024-04-17:15,28,35,36,39
113000092:2024-04-16:06,17,21,26,28
113000091:2024-04-15:03,09,10,13,17
113000090:2024-04-13:01,02,09,19,31
113000089:2024-04-12:01,03,10,14,31
113000088:2024-04-11:13,15,18,19,33
113000087:2024-04-10:02,03,21,26,30
113000086:2024-04-09:12,21,24,25,39
113000085:2024-04-08:03,09,21,27,36
113000084:2024-04-06:04,07,15,22,30
113000083:2024-04-05:01,13,31,34,35
113000082:2024-04-04:08,14,22,27,35
113000081:2024-04-03:01,03,06,21,27
113000080:2024-04-02:04,10,12,23,26
113000079:2024-04-01:05,09,14,20,33
113000078:2024-03-30:02,12,15,24,35
113000077:2024-03-29:11,12,18,23,24
113000076:2024-03-28:01,10,16,26,29
113000075:2024-03-27:10,21,23,27,30
113000074:2024-03-26:05,07,30,35,38
113000073:2024-03-25:04,11,20,34,36
113000072:2024-03-23:07,17,27,28,33
113000071:2024-03-22:07,11,12,24,38
113000070:2024-03-21:01,02,04,13,27
113000069:2024-03-20:05,24,29,34,35
113000068:2024-03-19:10,16,26,38,39
113000067:2024-03-18:11,16,18,19,25
113000066:2024-03-16:02,06,16,27,39
113000065:2024-03-15:07,08,09,14,34
113000064:2024-03-14:18,19,22,26,28
113000063:2024-03-13:08,12,22,35,36
113000062:2024-03-12:12,21,23,38,39
113000061:2024-03-11:02,08,16,18,36
113000060:2024-03-09:05,10,27,37,38
113000059:2024-03-08:08,11,15,20,36
113000058:2024-03-07:02,06,20,23,36
113000057:2024-03-06:09,19,23,36,38
113000056:2024-03-05:26,34,36,37,39
113000055:2024-03-04:01,03,05,19,38
113000054:2024-03-02:17,19,29,36,37
113000053:2024-03-01:05,12,13,21,36
113000052:2024-02-29:07,15,22,26,37
113000051:2024-02-28:07,14,28,29,38
113000050:2024-02-27:11,27,30,31,38
113000049:2024-02-26:23,25,29,31,32
113000048:2024-02-24:02,07,10,15,33
113000047:2024-02-23:01,03,15,18,35
113000046:2024-02-22:03,05,12,15,33
113000045:2024-02-21:01,03,04,35,37
113000044:2024-02-20:21,26,29,30,34
113000043:2024-02-19:05,09,17,24,25
113000042:2024-02-17:12,18,31,38,39
113000041:2024-02-16:07,11,16,34,36
113000040:2024-02-15:02,04,15,17,30
113000039:2024-02-14:04,16,27,30,37
113000038:2024-02-13:23,24,28,30,31
113000037:2024-02-12:06,08,22,29,38
113000036:2024-02-10:03,18,19,21,22
113000035:2024-02-09:06,20,22,36,37
113000034:2024-02-08:20,25,31,35,38
113000033:2024-02-07:06,11,15,28,31
113000032:2024-02-06:06,13,16,32,39
113000031:2024-02-05:12,15,16,23,28
113000030:2024-02-03:14,20,21,23,34
113000029:2024-02-02:10,22,26,32,33
113000028:2024-02-01:10,17,19,29,37
113000027:2024-01-31:06,10,21,32,38
113000026:2024-01-30:03,11,21,23,36
113000025:2024-01-29:01,03,18,22,28
113000024:2024-01-27:01,08,09,30,35
113000023:2024-01-26:06,09,12,22,31
113000022:2024-01-25:01,14,32,34,36
113000021:2024-01-24:04,12,29,33,36
113000020:2024-01-23:08,16,18,19,35
113000019:2024-01-22:03,15,17,25,36
113000018:2024-01-20:15,20,28,36,37
113000017:2024-01-19:02,03,13,17,35
113000016:2024-01-18:10,27,31,32,33
113000015:2024-01-17:10,17,32,38,39
113000014:2024-01-16:02,05,09,27,29
113000013:2024-01-15:01,03,10,11,35
113000012:2024-01-13:14,20,27,33,38
113000011:2024-01-12:01,03,12,23,31
113000010:2024-01-11:15,23,34,36,37
113000009:2024-01-10:03,06,15,19,24
113000008:2024-01-09:09,17,19,23,27
113000007:2024-01-08:07,22,35,38,39
113000006:2024-01-06:01,16,33,37,39
113000005:2024-01-05:10,11,14,21,33
113000004:2024-01-04:11,27,28,29,37
113000003:2024-01-03:01,05,21,32,37
113000002:2024-01-02:21,22,25,30,37
113000001:2024-01-01:03,09,27,30,33