114000003:2025-01-14:01,03,13,15,37,48,42
114000002:2025-01-10:14,29,35,36,37,49,40
114000002:2025-01-07:01,08,20,26,29,35,19
114000001:2025-01-03:06,09,15,29,30,48,23
113000118:2024-12-31:10,25,34,35,42,48,21
113000117:2024-12-27:21,26,28,30,32,34,40
113000116:2024-12-24:05,09,10,29,35,48,13
113000115:2024-12-20:03,08,18,26,40,46,22
113000114:2024-12-17:08,10,22,24,31,34,44
113000113:2024-12-13:07,11,28,29,38,39,33
113000112:2024-12-10:01,05,08,26,47,49,38
113000111:2024-12-06:09,15,18,33,44,47,28
113000110:2024-12-03:05,06,07,12,17,35,45
113000109:2024-11-29:13,20,28,32,38,49,46
113000108:2024-11-26:11,40,42,45,47,49,27
113000107:2024-11-22:14,16,22,33,36,48,03
113000106:2024-11-19:05,07,11,22,25,44,13
113000105:2024-11-15:24,25,30,36,41,43,21
113000104:2024-11-12:11,25,26,33,34,41,27
113000103:2024-11-08:01,11,42,46,47,49,07
113000102:2024-11-05:04,17,21,30,41,49,48
113000101:2024-11-01:06,10,23,27,34,47,22
113000099:2024-10-29:19,26,36,38,39,49,16
113000098:2024-10-25:07,19,25,35,36,38,42